13 7 0 9
13 8 9 11
2 11 1 4
12 15 14 2
000000000000000
011000000000000
000010010000100
000001000100000
000000000101000
000010000000000
000000000000000
010000000000001
000010000000110
000000001000000
000010001101000
010001000000100
000100000000000
010000100000000
000000000000000
000000000000000
000000000000000
000000000001100
110000100000000
000000000000000
000010001011000
011001000000000
000100000001100
000000000000000
010000000000000
000110001010000
000100000010000
000000000000000
001100001010000
000000010010000
000000100000000
000000000000000
