2 3 10 12
14 1 5 9
0 14 12 3
11 10 3 14
000000000000000
000000000000000
000000001000000
000000000000000
000000000000000
100000000000010
000000000000000
000000000000000
000000000000000
000010000000000
000000000000100
000000000000000
001000000000000
000000000000000
000000000010000
000000000000000
000000000000000
000000000000000
000001000000000
000000000000000
000000000000000
000000000000010
000000000000000
000000000000000
000000000000000
000100000000000
000000000000000
000000000000000
000000000010000
000000000000000
000000000000000
000000000000000
