7 11 7 14
2 9 9 6
4 13 1 9
5 0 6 7
000000000000000
000000000000000
000000000000000
000000000010010
000001010000010
000000000000010
000000000001000
000000000000000
010000000000000
000000000000010
000000000100000
000100100010000
000001000000000
001000010000000
010000000000000
000000000000000
000000000000000
000000010000001
000000000000000
000000000000010
000000000010000
000000000001000
000100000001000
000000000000100
000100000000000
000000000000000
000000000010000
001001000000000
000000000000000
000100000000000
001110001000000
000000000000000
