0 13 6 6
13 0 6 9
3 10 9 6
10 3 9 9
000000000000000
000000000000000
000000000000000
000000000000000
000000000000000
000000000000000
000000100100000
000000000000000
000000000000000
000000100100000
000000000000000
000000000000000
000000000000000
000000000000000
000000000000000
000000000000000
000000000000000
000000000000000
000000000000000
000000000100000
000000000000000
000000000000000
000000000000000
000000000000000
000000000000000
000000000000000
000000000100000
000000000000000
000000000000000
000000000000000
000000000000000
000000000000000
