1 1 6 13
13 14 9 2
15 0 2 11
4 12 14 5
000000000000000
000000000100000
000000000000000
000000000000000
000000000000000
000001000000000
000000000000000
000000000000000
000000000000000
000000000000100
000000000000000
010000000000000
000000000000000
000000000000000
000000100000000
000000000000000
000000000000000
000000000000000
000000000010000
000000000000000
001000000000000
000000000000000
000000000000000
000000000000000
000000000000000
000000000000010
000000000000000
000000100000000
000000000000000
000000000000000
010000000000000
000000000000000
